'0'    1    12    12    13    15    15    16    17    17     2     2     2     2   117
'1'    0     5    16     5    20     0    20     0    10     1     1     1     1    76
'2'    0     5    11     0    16    13     1    12    14     1     1     3     3    72
'3'    0    12    14     5    15     0    15     6    12     1     1     3     3    79
'4'    1     2    24    18    22    30    28     0    22     1     1     1     1   146
'5'    0    18     8    18    18     7    16    22    16     2     2     3     3   124
'6'    1     0     7    13     4    24    17    17    20     1     2     2     3   102
'7'    0    12    16     0    14     9     6     6     0     1     1     2     2    63
'8'    1    14    16    14    18    18    18    15    15     2     2     2     1   128
'9'    1     2     3    15    17    12    20     5    14     2     1     3     2    88
'A'    1    10     8    14    14    22    17    12    14     1     1     1     1   111
'/'    0     0    17     4     8    16     2    14     0     1     1     1     1    58